hab=[6384.00	26327.00	
6307.00	25882.00	
6096.00	26125.00	
7140.00	25709.00	
6280.00	26384.00	
5454.00	26015.00	
6215.00	26146.00	
5485.00	26373.00	
6151.00	26085.00	
5665.00	26620.00	
6645.00	25760.00	
6862.00	25684.00	
6890.00	26067.00	
6035.00	26702.00	
6576.00	26318.00	
5492.00	26095.00	
6754.00	25935.00	
6529.00	25975.00	
6029.00	26714.00	
7226.00	25590.00	
5969.00	26689.00	
7127.00	25854.00	
6142.00	26364.00	
6433.00	26029.00	
5786.00	25977.00	
6490.00	26280.00	
6515.00	25953.00	
6346.00	26043.00	
6546.00	26218.00	
6312.00	26030.00	
6501.00	26262.00	
6542.00	26309.00	
7168.00	25884.00	
6927.00	25843.00	
5502.00	26026.00	
6555.00	26401.00	
6596.00	26334.00	
6403.00	25999.00	
6775.00	26064.00	
5500.00	26373.00	
5942.00	26401.00	
5999.00	25984.00	
6867.00	25978.00	
6303.00	25900.00	
6491.00	26173.00	
6670.00	25964.00	
6583.00	26367.00	
6846.00	25966.00	
6571.00	26263.00	
6623.00	26345.00	
7197.00	25591.00	
538.74	249.84	
534.52	254.28	
535.63	255.61	
533.64	256.27	
534.75	257.61	
533.86	262.26	
527.43	262.71	
526.99	260.49	
522.99	262.71	
524.55	266.92	
526.76	270.24	
527.21	271.8	
525.88	272.24	
526.76	276.45	
527.87	278.23	
526.54	279.78	
526.1	281.33	
529.42	282.44	
530.53	286.43	
533.86	288.65	
536.08	291.75	
533.64	296.19	
529.87	296.85	
527.43	300.18	
524.99	296.63	
528.09	295.3	
528.09	292.42	
523.66	292.2	
522.99	296.63	
521.44	296.41	
520.78	303.5	
517.01	305.72	
514.57	305.5	
511.69	310.38	
507.47	312.82	
507.03	315.26	
505.48	317.25	
504.37	316.81	
503.7	315.03	
500.16	314.15	
499.71	312.82	
497.94	314.15	
496.83	314.81	
489.07	310.38	
483.53	309.05	
483.75	311.71	
481.53	311.49	
478.87	313.26	
478.65	314.81	
473.99	315.48	
473.99	313.26	
472.44	313.04	
472.44	314.81	
471.33	315.92	
470	314.59	
467.56	315.26	
464.46	314.15	
460.69	313.92	
458.91	309.05	
459.14	306.39	
458.47	305.72	
459.36	304.39	
458.25	304.17	
456.48	306.61	
455.81	305.94	
457.36	302.62	
456.03	302.84	
452.26	306.16	
453.59	306.83	
452.26	307.94	
450.04	309.71	
450.49	311.26	
448.71	313.04	
449.38	313.92	
448.71	317.47	
447.38	318.8	
448.71	320.58	
450.04	323.68	
450.27	327.89	
450.04	331.88	
449.16	335.88	
447.83	337.65	
448.27	339.65	
447.16	341.86	
445.17	342.08	
443.17	345.85	
439.18	349.84	
435.63	347.85	
433.42	350.95	
431.42	350.29	
425.88	349.4	
422.55	346.74	
421.89	350.29	
424.77	352.73	
425.65	356.5	
417.23	358.27	
415.01	354.94	
414.35	352.06	
412.79	352.28	
411.69	352.51	
410.13	350.73	
408.36	350.51	
407.47	349.62	
405.03	349.62	
402.59	348.29	
399.27	351.4	
395.72	352.28	
395.06	351.84	
393.73	354.5	
391.29	354.94	
388.18	356.5	
388.18	358.49	
387.3	359.38	
387.07	361.6	
387.74	362.48	
387.07	363.59	
387.96	364.48	
387.07	366.03	
387.07	370.02	
387.07	373.13	
385.97	376.01	
383.53	380	
383.53	381.77	
381.75	384.66	
381.31	386.87	
381.53	388.65	
380.42	391.09	
380.87	391.53	
384.41	393.3	
381.53	397.07	
383.97	399.51	
381.09	402.62	
376.65	401.29	
375.32	403.95	
372.44	405.28	
374.21	407.05	
370.89	411.26	
367.78	416.81	
366.01	421.24	
362.24	420.35	
360.02	422.35	
359.14	419.02	
356.48	417.47	
355.81	417.03	
351.38	419.25	
347.83	416.36	
344.5	417.25	
342.06	413.92	
339.18	412.82	
338.74	411.49	
337.41	411.04	
334.97	411.71	
332.97	409.93	
332.08	409.27	
333.19	406.61	
331.42	406.16	
331.2	401.73	
330.09	399.73	
327.65	399.73	
327.87	397.29	
326.99	396.85	
324.32	400.4	
322.33	399.29	
318.34	404.17	
313.24	402.17	
310.13	404.83	
308.14	408.6	
308.36	411.04	
305.26	411.49	
304.81	416.14	
303.7	416.14	
303.7	417.03	
301.93	417.92	
298.6	422.35	
299.27	425.23	
297.27	426.34	
294.83	426.12	
292.4	426.56	
290.18	428.34	
289.29	426.56	
285.3	425.68	
283.75	431.22	
282.42	432.11	
281.97	435.43	
279.53	434.77	
279.31	435.88	
281.53	438.76	
280.42	440.53	
281.53	446.74	
279.53	448.51	
281.09	450.29	
280.87	451.84	
278.87	450.95	
278.65	452.06	
279.31	453.39	
281.31	455.61	
284.41	458.71	
281.09	466.03	
280.42	469.8	
275.54	472.46	
274.88	475.12	
275.77	475.79	
275.1	479.11	
274.44	483.1	
273.77	487.1	
273.99	488.43	
273.1	489.09	
270.89	494.19	
262.91	490.2	
259.8	488.87	
258.25	488.2	
253.15	486.43	
245.17	483.99	
238.52	485.76	
233.19	484.66	
226.76	482.22	
222.55	481.55	
210.8	477.34	
202.82	474.46	
202.15	473.13	
200.6	472.9	
199.71	472.68	
197.94	473.79	
193.06	473.13	
188.85	471.13	
187.07	470.91	
182.42	470.91	
180.87	470.24	
178.65	469.8	
177.32	470.69	
174.88	470.91	
171.11	468.25	
166.23	465.81	
162.91	464.48	
158.25	462.71	
150.04	460.71	
145.17	458.27	
141.4	455.83	
139.4	454.06	
137.41	451.4	
134.52	448.29	
132.31	445.63	
129.65	443.41	
127.43	442.31	
124.77	441.42	
121.89	440.75	
119.45	440.75	
119.22	439.2	
118.78	435.88	
120.33	432.99	
120.55	431	
120.55	429.22	
121	428.34	
121.44	426.56	
122.11	424.57	
123.22	421.46	
122.55	419.47	
122.99	417.25	
123.22	413.92	
121	410.82	
121.66	408.6	
121	405.94	
119.67	405.5	
118.56	404.61	
118.56	402.84	
117.45	400.62	
116.12	398.4	
116.34	396.19	
116.79	392.86	
117.67	389.31	
117.89	388.2	
118.12	386.43	
118.34	383.1	
118.56	374.46	
118.56	372.02	
118.78	368.91	
118.56	366.47	
119.45	363.37	
122.11	361.15	
122.99	358.71	
123.66	358.49	
123.88	357.38	
122.77	357.16	
121.66	356.94	
120.78	358.05	
120.11	357.83	
119	354.06	
118.56	350.29	
118.34	345.63	
118.12	341.42	
117.67	341.2	
117.67	337.65	
116.79	333.88	
116.56	331.66	
116.34	329.22	
115.46	325.68	
114.79	323.68	
116.56	322.13	
119.45	318.58	
121.89	319.02	
121.66	318.14	
122.77	317.25	
123.66	316.14	
128.54	309.27	
130.75	309.49	
132.08	308.16	
136.08	308.82	
136.74	309.49	
138.96	311.49	
141.4	311.04	
143.17	313.26	
147.83	314.59	
149.82	315.26	
153.15	314.15	
156.48	311.93	
158.47	310.16	
160.24	309.93	
163.13	307.49	
164.01	305.72	
165.34	303.73	
168.67	303.95	
169.78	302.84	
172.66	302.39	
173.33	304.83	
175.99	307.27	
176.43	307.27	
177.98	307.05	
179.09	305.5	
178.87	305.28	
179.31	304.17	
179.09	302.84	
175.32	300.4	
175.99	296.85	
177.1	296.63	
177.54	297.52	
178.65	296.41	
180.2	295.52	
185.08	292.64	
190.18	291.31	
191.73	290.42	
193.73	287.98	
195.5	287.76	
195.72	286.21	
194.61	284.66	
194.83	283.55	
195.94	282.22	
197.27	278.45	
197.94	277.78	
197.72	277.12	
198.16	274.46	
199.93	275.12	
200.38	276.23	
202.15	275.57	
203.93	277.78	
205.92	277.56	
207.03	275.57	
208.36	272.68	
209.03	272.68	
210.8	275.57	
212.35	277.56	
214.12	277.56	
217.01	278	
218.34	279.11	
219.89	278.89	
220.11	277.34	
221	276.9	
222.55	277.12	
224.32	278.45	
227.43	281.11	
229.87	279.11	
230.75	279.11	
232.75	278.89	
234.3	280.22	
236.3	279.33	
236.74	281.77	
235.19	282.44	
235.19	283.33	
237.18	284.43	
238.52	283.1	
241.62	278.67	
242.73	277.12	
244.5	277.12	
244.28	278.23	
244.95	280.89	
246.28	282	
248.05	282.44	
249.16	283.77	
250.93	282.88	
254.92	282.88	
257.14	282.88	
257.81	280.44	
260.02	277.56	
262.68	276.9	
263.13	274.68	
263.57	273.35	
261.8	272.02	
260.24	271.57	
256.25	269.8	
252.04	268.25	
251.6	266.7	
249.82	265.81	
247.83	264.04	
246.05	253.84	
246.05	252.06	
248.49	251.4	
250.49	250.29	
250.71	248.96	
252.26	246.52	
253.15	245.63	
253.59	246.08	
253.81	247.85	
254.26	250.29	
255.81	254.28	
256.03	255.61	
256.48	256.27	
255.37	257.83	
256.7	258.94	
259.14	257.83	
260.91	259.16	
261.8	259.38	
264.46	258.94	
265.57	258.71	
267.56	258.27	
269.78	254.5	
271.33	254.94	
272.44	255.83	
272.66	259.38	
273.1	260.04	
274.66	259.16	
276.21	259.6	
277.1	258.71	
276.43	256.94	
275.77	255.39	
275.77	254.28	
277.1	253.84	
279.31	252.95	
283.08	252.28	
284.63	251.62	
286.19	250.73	
287.3	249.84	
288.4	250.29	
291.06	248.74	
294.17	248.96	
295.28	247.41	
295.94	246.96	
296.83	247.18	
297.27	248.07	
296.39	250.07	
296.39	251.84	
297.94	252.73	
296.61	256.5	
300.82	256.05	
304.37	253.84	
304.15	253.39	
305.92	252.28	
308.58	253.17	
309.03	251.62	
308.8	249.84	
308.36	246.52	
306.36	243.19	
305.7	240.53	
304.15	239.2	
301.93	237.87	
302.59	236.54	
304.15	234.99	
305.26	234.32	
308.14	235.88	
310.13	238.31	
311.24	238.54	
312.79	241.42	
314.12	240.98	
315.9	242.31	
316.56	241.42	
318.12	243.64	
321.44	243.64	
321.22	240.09	
324.77	236.76	
323.88	235.21	
322.99	233.88	
