SS11=[
6178.72		26584.54	
6180.21		26581.03	
6187.69		26580.05	
6191.03		26573.67	
6189.14		26570.36	
6185.90		26568.33	
6164.83		26560.39	
6153.46		26534.34	
6150.80		26531.87	
6148.05		26529.11	
6144.41		26514.55	
6137.31		26505.26	
6135.85		26508.82	
6129.20		26522.60	
6126.57		26520.08	
6115.50		26511.29	
6106.94		26491.33	
6103.73		26491.03	
6098.27		26487.73	
6096.64		26491.33	
6082.54		26510.18	
6081.58		26507.92	
6080.48		26505.72	
6078.28		26502.46	
6070.94		26500.64	
6061.49		26522.21	
6057.92		26520.51	
6039.44		26513.69	
6036.33		26511.62	
6033.38		26509.33	
6029.81		26510.87	
6022.33		26512.70	
5996.64		26495.51	
6000.08		26488.46	
5993.52		26474.21	
5994.24		26470.34	
5991.34		26470.63	
5985.57		26471.39	
5986.11		26468.02	
5986.22		26451.45	
5985.82		26446.02	
5986.27		26443.28	
5983.27		26440.96	
5983.11		26437.17	
5980.64		26434.77	
5966.12		26425.84	
5965.91		26429.48	
5965.45		26436.75	
5955.59		26432.77	
5942.27		26438.12	
5939.60		26439.91	
5933.75		26447.59	
5931.70		26450.40	
5922.43		26460.22	
5919.57		26462.51	
5913.05		26463.27	
5912.74		26466.66	
5911.60		26473.29	
5912.53		26476.66	
5908.93		26482.61	
5909.70		26492.84	
5907.99		26496.38	
5905.49		26499.40	
5906.19		26506.95	
5896.70		26527.29	
5896.86		26531.13	
5895.76		26534.78	
5880.44		26572.50	
5879.47		26576.08	
5878.80		26579.73	
5869.49		26599.43	
5865.43		26613.43	
5862.83		26616.07	
5858.53		26633.50	
5853.16		26638.31	
5851.15		26641.38	
5849.43		26644.44	
5848.73		26651.39	
5840.02		26657.06	
5840.87		26660.67	
5838.14		26663.51	
5825.95		26678.66	
5810.84		26682.07	
5822.01		26684.14	
5836.14		26680.51	
5845.71		26668.77	
5847.93		26665.69	
5842.63		26680.34	
5866.34		26704.64	
5886.38		26691.94	
5883.47		26689.45	
5889.82		26687.21	
5892.92		26702.37	
5897.70		26708.57	
5897.00		26716.10	
5886.51		26721.24	
5897.35		26720.48	
5909.96		26710.72	
5928.59		26716.08	
5932.28		26717.57	
5945.69		26723.08	
5949.18		26724.09	
5972.16		26730.52	
5976.04		26731.40	
6009.78		26741.69	
6021.87		26731.93	
6033.33		26729.17	
6063.72		26737.24	
6067.37		26738.72	
6088.16		26747.39	
6091.68		26748.69	
6093.92		26749.35	
6096.14		26750.05	
6107.11		26754.71	
6110.77		26756.26	
6144.00		26772.57	
6147.22		26774.41	
6155.23		26756.54	
6156.54		26752.85	
6158.14		26749.27	
6161.45		26726.08	
6162.10		26722.33	
6168.17		26692.50	
6166.05		26689.34	
6165.87		26685.68	
6173.05		26672.07	
6190.07		26662.45	
6206.59		26618.36	
6198.24		26602.50	
6192.06		26597.89	
6182.06		26586.40	
6178.72		26584.54	
6569.28		25788.41	
6568.33		25784.96	
6565.06		25783.37	
6545.58		25774.35	
6545.64		25770.65	
6539.21		25753.77	
6535.99		25752.87	
6519.63		25755.83	
6517.84		25749.22	
6503.80		25740.01	
6502.88		25736.67	
6500.67		25730.91	
6493.78		25730.24	
6490.96		25731.26	
6488.67		25733.20	
6485.65		25731.74	
6480.59		25727.53	
6477.65		25729.15	
6471.30		25715.72	
6476.87		25706.64	
6475.64		25695.65	
6480.91		25690.71	
6482.94		25687.58	
6492.94		25691.66	
6500.11		25704.26	
6501.68		25707.55	
6512.49		25709.68	
6519.91		25707.54	
6523.37		25705.69	
6526.98		25708.04	
6540.53		25702.61	
6543.95		25701.18	
6542.28		25697.97	
6549.63		25690.20	
6550.05		25686.60	
6551.02		25682.88	
6550.35		25679.09	
6553.94		25679.29	
6556.53		25669.04	
6557.26		25665.51	
6549.98		25652.72	
6539.30		25653.96	
6538.52		25646.59	
6543.75		25641.59	
6546.08		25638.72	
6542.94		25636.93	
6537.33		25633.95	
6537.45		25624.06	
6540.61		25622.30	
6538.53		25619.12	
6529.39		25612.79	
6527.31		25615.51	
6517.72		25618.85	
6514.57		25620.54	
6497.65		25626.07	
6494.67		25625.26	
6493.74		25622.32	
6491.58		25625.31	
6484.42		25626.58	
6480.77		25622.72	
6477.81		25620.89	
6471.50		25617.97	
6467.86		25616.70	
6455.57		25607.76	
6453.38		25610.33	
6448.51		25617.48	
6445.55		25618.56	
6439.60		25620.63	
6435.79		25620.24	
6432.89		25617.73	
6431.97		25614.23	
6429.23		25611.87	
6426.27		25610.50	
6418.67		25615.53	
6416.51		25600.97	
6401.54		25601.99	
6391.92		25595.96	
6386.96		25591.24	
6389.01		25588.50	
6383.73		25584.62	
6373.09		25587.35	
6372.39		25590.11	
6370.67		25593.54	
6375.56		25598.60	
6382.75		25600.07	
6387.28		25610.44	
6378.81		25627.87	
6375.97		25628.65	
6373.05		25629.02	
6371.75		25632.67	
6372.00		25647.95	
6368.25		25648.03	
6359.42		25641.21	
6354.77		25631.33	
6352.22		25634.06	
6339.92		25627.56	
6337.54		25630.43	
6335.42		25627.35	
6329.37		25617.91	
6328.52		25616.56	
6318.78		25614.61	
6315.10		25608.40	
6298.22		25605.55	
6295.83		25608.43	
6291.11		25614.07	
6293.63		25616.45	
6306.39		25628.18	
6305.15		25631.32	
6304.29		25637.95	
6306.79		25640.69	
6313.96		25648.97	
6319.17		25662.24	
6317.89		25668.27	
6316.47		25671.50	
6316.70		25674.81	
6318.37		25684.57	
6316.24		25687.47	
6306.16		25683.79	
6295.89		25686.28	
6294.17		25689.29	
6281.77		25700.76	
6278.38		25701.30	
6265.44		25701.31	
6270.11		25683.24	
6262.93		25680.42	
6258.72		25674.70	
6271.44		25660.89	
6274.15		25658.14	
6271.79		25655.59	
6263.33		25650.68	
6261.38		25653.92	
6254.48		25662.94	
6247.87		25666.27	
6240.49		25664.66	
6238.42		25667.40	
6229.32		25672.02	
6227.44		25669.51	
6222.91		25665.46	
6220.63		25668.32	
6214.45		25671.67	
6212.19		25674.23	
6210.75		25677.33	
6210.80		25679.74	
6207.95		25682.02	
6197.18		25682.84	
6183.70		25678.84	
6182.13		25681.68	
6171.33		25686.35	
6169.41		25688.72	
6166.78		25694.22	
6166.98		25696.67	
6176.52		25707.33	
6179.10		25713.15	
6176.04		25713.90	
6172.52		25715.07	
6166.03		25711.55	
6163.37		25714.09	
6153.81		25717.91	
6150.26		25711.65	
6151.60		25697.98	
6149.56		25694.74	
6140.28		25688.21	
6127.76		25716.86	
6124.24		25716.77	
6110.68		25713.31	
6099.87		25712.40	
6095.16		25708.80	
6092.01		25706.66	
6084.89		25706.04	
6084.62		25703.11	
6081.28		25698.48	
6079.45		25693.31	
6078.53		25690.72	
6077.17		25687.12	
6066.76		25658.12	
6063.21		25657.54	
6058.05		25661.67	
6055.89		25671.99	
6052.31		25672.61	
6043.62		25678.50	
6041.82		25682.61	
6027.90		25681.56	
6031.00		25692.63	
6035.07		25715.17	
6039.53		25721.22	
6038.21		25732.74	
6044.63		25734.11	
6046.71		25740.35	
6047.78		25743.46	
6053.19		25741.69	
6055.84		25742.76	
6056.56		25749.24	
6056.05		25752.72	
6060.35		25754.43	
6070.47		25759.99	
6077.94		25759.58	
6081.79		25758.78	
6095.24		25768.69	
6098.27		25770.10	
6103.50		25772.99	
6106.48		25773.11	
6111.28		25775.74	
6113.85		25776.71	
6113.15		25779.45	
6113.39		25782.27	
6111.62		25785.55	
6108.99		25788.18	
6106.33		25791.44	
6102.87		25791.80	
6091.45		25798.59	
6088.00		25804.51	
6085.98		25807.15	
6082.59		25816.38	
6078.93		25815.41	
6071.72		25813.08	
6068.27		25813.64	
6057.82		25814.22	
6050.39		25820.89	
6047.23		25819.69	
6037.86		25810.26	
6034.56		25810.98	
6031.76		25809.97	
6030.27		25806.77	
6022.39		25791.59	
6018.03		25790.54	
6000.10		25821.64	
5998.80		25823.95	
5997.40		25826.20	
5994.54		25824.13	
5984.46		25821.01	
5985.52		25817.64	
5988.78		25819.24	
5996.27		25806.86	
5993.29		25797.25	
5991.91		25800.41	
5987.05		25803.99	
5975.11		25797.10	
5971.70		25797.94	
5967.24		25803.36	
5965.13		25806.46	
5952.00		25813.48	
5940.60		25799.05	
5930.81		25797.38	
5924.42		25794.55	
5921.97		25792.30	
5919.86		25802.06	
5912.26		25802.07	
5905.88		25798.28	
5902.33		25799.65	
5902.03		25796.57	
5893.62		25793.54	
5890.57		25793.93	
5887.01		25790.89	
5883.29		25791.57	
5866.42		25772.15	
5864.43		25775.32	
5860.66		25785.57	
5858.44		25788.29	
5846.57		25794.32	
5841.28		25786.07	
5838.23		25787.89	
5828.48		25790.30	
5820.64		25784.07	
5820.02		25787.65	
5819.19		25801.85	
5816.89		25804.59	
5808.42		25813.17	
5808.06		25819.73	
5805.11		25821.38	
5805.63		25828.20	
5815.17		25837.26	
5813.38		25839.97	
5805.61		25844.97	
5801.78		25844.71	
5794.38		25846.29	
5786.62		25854.44	
5784.13		25856.83	
5778.41		25860.59	
5785.95		25866.47	
5788.12		25869.01	
5800.88		25880.20	
5803.95		25881.79	
5809.49		25885.63	
5812.86		25885.44	
5823.25		25880.75	
5827.59		25874.48	
5828.99		25870.92	
5837.45		25873.72	
