%coordonnées des projections cartographiques de l'habillage départemental
%de la région Picardie 02 80 60 
hab=[5313.9		25636.45	
5323.31		25647.98	
5331.53		25627.57	
5334.99		25627.35	
5338.72		25658.61	
5341.38		25661.26	
5342.69		25637.67	
5344.08		25662.911	
5344.19		25640.68	
5351.24		25642.839	
5364.82		25638.33	
5365.65		25609.78	
5365.731		25682.7	
5366.68		25635.13	
5367.56		25685.91	
5370.31		25604.54	
5370.84		25632.98	
5378.16		25718.22	
5380.57		25600.779	
5382.41		25597.42	
5389.35		25755.53	
5389.84		25588.771	
5394.65		25583.65	
5398.01		25584.71	
5405.69		25781.98	
5409.94		25577.03	
5416.37		25565.07	
5417.5		25561.69	
5418.7		25559.03	
5430.1		25874.93	
5432.3		25898.61	
5432.97		25902.52	
5434.641		25801.26	
5436.67		25928.06	
5438.29		25852.87	
5440.461		25540.81	
5442.09		25803.5	
5442.47		25962.16	
5443.149		25538.46	
5444.34		25797.63	
5447.41		25800.029	
5448.84		25847.8	
5449.46		25535.09	
5451.71		25967.37	
5452.51		25533.159	
5453.34		25784.55	
5454.81		25780.86	
5454.99		25522.221	
5461.29		25962.29	
5464.19		25774.11	
5466.89		25771.35	
5468.31		25848.08	
5470.24		25833.24	
5470.46		25769.75	
5473.33		25499.25	
5476.66		25497.46	
5476.68		25963.19	
5485.18		25774.359	
5485.64		25806.58	
5488.16		25488.96	
5491.16		25801.27	
5493.51		25968.07	
5501.22		25956.06	
5501.73		25484.41	
5501.79		25804.02	
5504.48		25954.39	
5504.76		25482.45	
5504.91		25803.15	
5507.9		25940.9	
5507.95		25480.749	
5511.55		25940.57	
5516.96		25761.96	
5517.361		25800.12	
5519.07		25931.2	
5519.75		25797.22	
5520.23		25759.8	
5520.55		25934.62	
5522.83		25930.371	
5525.49		25776.13	
5526.65		25757.269	
5526.75		25470.64	
5526.85		25465.18	
5527.29		25773.58	
5530.7		25763	
5532		25220.65	
5532.65		25765.91	
5534.84		25117.47	
5535.28		25094.61	
5535.47		25452.24	
5536.071		25448.96	
5536.1		24725.13	
5536.79		24708.77	
5537.23		25445.46	
5537.27		24728.61	
5537.33		24718.05	
5537.45		25085.33	
5538.82		25165.631	
5539.23		24706.79	
5539.32		25940.2	
5539.88		25442.91	
5540.74		25162.95	
5540.749		25943.78	
5542.111		24733.51	
5542.3		24740.39	
5542.36		25939.28	
5542.93		25160.48	
5543.15		25111.051	
5543.98		24712.52	
5544.06		25233.52	
5544.56		25104.16	
5544.83		24742.72	
5544.96		25158.25	
5545.63		25167.58	
5545.71		25206.809	
5546.46		25440.75	
5546.7		25090.85	
5547.15		24674.061	
5547.2		24677.84	
5547.77		24903.78	
5548.81		25943.86	
5549.82		25177.3	
5550.35		25421.48	
5550.37		24897.61	
5550.66		25435.1	
5550.71		25235.52	
5550.74		25102.94	
5551.04		25131.68	
5551.08		25417.76	
5551.31		25242.58	
5551.56		25012.309	
5551.78		25264.11	
5551.89		25424.65	
5552.05		25085.65	
5552.08		24888.22	
5552.15		25152.87	
5552.44		25008.05	
5552.49		25210.31	
5552.99		25014.71	
5553.19		25149.27	
5553.25		25096.41	
5553.74		24917.39	
5553.859		25104.61	
5553.87		25082.28	
5554.49		24667.801	
5554.61		24664.16	
5554.92		25103.66	
5555.259		25412.02	
5555.27		25142.09	
5555.33		25392.68	
5555.481		25181.34	
5556.11		24743.26	
5556.16		25407.51	
5556.39		25184.76	
5556.84		24935.81	
5556.93		25004.53	
5557.46		25196.06	
5557.97		25051.939	
5558.08		25075.86	
5558.82		25262.6	
5559.21		25069.59	
5559.82		25386.95	
5560.03		25379.52	
5560.43		25383.28	
5560.63		25072.98	
5560.65		24684.12	
5561.99		24747.981	
5562.06		24695.2	
5562.18		24939.28	
5562.47		24699.23	
5563.55		24900.63	
5564.03		24897.31	
5564.05		25225.79	
5564.11		24662.06	
5564.34		25946.73	
5564.39		24945.85	
5565.461		24696.84	
5565.7		25353.79	
5566.73		24648.25	
5566.78		25027.61	
5566.89		24651.8	
5566.95		24899.69	
5566.98		24948.24	
5567.55		25949.05	
5567.83		25002.439	
5568.49		24871.94	
5569.78		25283.32	
5570.94		24995.45	
5571.35		25048.65	
5571.42		25227.71	
5571.58		25270.28	
5571.58		25286.2	
5571.74		25345.82	
5571.8		25048.25	
5572.53		24959.5	
5573.18		24746.4	
5573.21		25342.68	
5573.43		25270.28	
5573.48		24950.57	
5573.59		24861.54	
5573.85		25224.62	
5574.11		25205.14	
5574.31		24956.53	
5574.95		25956.45	
5576.25		24748.59	
5576.49		24642.7	
5576.57		25222.66	
5576.83		25296.48	
5577.11		25332.94	
5577.2		25209.4	
5577.81		25206.1	
5579.08		24845.431	
5579.12		25329.91	
5580.42		24857.9	
5580.99		24854.66	
5581		25014.851	
5582.13		24965.08	
5583.12		25320.26	
5583.729		25316.79	
5584.97		24728.52	
5585.459		25959.2	
5585.59		24966.61	
5585.85		24732.31	
5586.5		24807.07	
5586.7		25291.01	
5587.93		25017.92	
5588.3		24810.35	
5588.97		24651.06	
5589.21		24814.08	
5589.31		24774.82	
5590.34		25964.24	
5590.82		24821.6	
5591.35		24653.96	
5591.44		24772.031	
5591.58		24781.84	
5591.75		24654.11	
5593.07		24989.87	
5593.2		24974.92	
5594.1		25312.21	
5595.27		24992.93	
5598.22		24773.871	
5598.32		25305.91	
5599.14		25012.93	
5599.26		25302.23	
5599.35		24724.84	
5600.74		24649.89	
5600.97		25298.921	
5602		25011.37	
5602.01		25291.61	
5602.01		25291.61	
5602.17		24722.32	
5602.659		24993.451	
5602.72		24997.16	
5603.86		24648.51	
5604.46		24651.76	
5604.97		24755.59	
5606.07		25286.509	
5606.07		25286.509	
5606.91		24766.689	
5606.96		24653.91	
5607.33		25289.24	
5607.33		25289.24	
5608.13		25961.93	
5609.12		25284.39	
5609.12		25284.39	
5611.19		24752.15	
5611.78		25961.69	
5617.81		25961.749	
5619.84		25286.96	
5619.84		25286.96	
5620.85		25961.79	
5620.92		24643.5	
5625.86		25273.67	
5625.86		25273.67	
5627.51		25252.071	
5627.51		25252.071	
5627.56		25270.44	
5627.56		25270.44	
5628.75		25248.721	
5628.75		25248.721	
5630.69		25953.51	
5630.89		25254.099	
5630.89		25254.099	
5631.32		24644.66	
5633.07		25951.33	
5633.29		24631.449	
5635.22		24638.59	
5636.37		24632.61	
5638.89		25246.35	
5638.89		25246.35	
5639.17		25271.7	
5639.17		25271.7	
5639.98		25236.65	
5639.98		25236.65	
5640.17		25240.22	
5640.17		25240.22	
5642.11		25264.64	
5642.11		25264.64	
5644.28		24637.36	
5645.44		25231.53	
5645.44		25231.53	
5647.89		25228.64	
5647.89		25228.64	
5650.42		25943.76	
5654.259		25942.97	
5654.56		25940.91	
5658.37		25231.05	
5658.37		25231.05	
5659.41		24639.68	
5662.86		24641.47	
5664.52		24642.6	
5666.64		25933.48	
5667.97		25226.31	
5667.97		25226.31	
5668.67		24628.31	
5668.73		24632.149	
5671		25920.38	
5671.02		25224.3	
5671.02		25224.3	
5677.65		25225.61	
5677.65		25225.61	
5680.06		25915.12	
5680.94		25226.401	
5680.94		25226.401	
5683.77		25915.22	
5687.54		25912.691	
5687.73		25909.81	
5696.15		25241.72	
5696.15		25241.72	
5702.431		25908.899	
5705.84		25246.45	
5705.84		25246.45	
5706.22		24640.19	
5708.72		25248.62	
5708.72		25248.62	
5708.77		24637.29	
5712.83		25894.15	
5717.97		25928.971	
5718.92		25230.56	
5718.92		25230.56	
5720.19		25227.31	
5720.19		25227.31	
5720.95		25881.12	
5721.59		25929.86	
5723.59		25879.39	
5723.86		24639.57	
5727.219		24641.48	
5728.139		25883.1	
5731.12		25884.13	
5731.22		25907.67	
5733.28		25246.2	
5733.28		25246.2	
5733.5		24648.69	
5734.17		25914.829	
5734.47		25918.36	
5735.57		24651.14	
5736.45		25248.54	
5736.45		25248.54	
5738.13		25875.14	
5740.9		25238.961	
5740.9		25238.961	
5747.291		24643.789	
5751.89		25237.451	
5751.89		25237.451	
5754.04		24642.44	
5755.51		25867.55	
5758.33		25241.14	
5758.33		25241.14	
5760.12		25863.88	
5761.98		25861.59	
5767.15		25235.34	
5767.15		25235.34	
5767.8		24654.38	
5768.13		25858.87	
5770.4		24656.95	
5773.87		25238.43	
5773.87		25238.43	
5777.56		25238.09	
5777.56		25238.09	
5777.81		25237.89	
5777.81		25237.89	
5778.411		25860.59	
5780.16		24658.29	
5781.56		25237.98	
5781.56		25237.98	
5782.41		24660.76	
5782.51		24661.061	
5784.13		25856.83	
5784.37		25231.02	
5784.37		25231.02	
5786.62		25854.44	
5791.38		24668.12	
5792.08		25212.75	
5792.08		25212.75	
5793.69		25211	
5793.69		25211	
5794.38		25846.29	
5799.441		25220.619	
5799.441		25220.619	
5799.53		25213.41	
5799.53		25213.41	
5801.78		25844.71	
5804.819		25208.82	
5804.819		25208.82	
5805.11		25821.38	
5805.54		24673.141	
5805.61		25844.97	
5805.629		25828.2	
5808.061		25819.73	
5808.42		25813.17	
5810.54		24678.8	
5813.38		25839.97	
5813.53		24677.42	
5813.59		24681.03	
5815.169		25837.26	
