%coordonnées des projections cartographiques de l'habillage régional
hab=[7353.64		25360.07	
7357.09		25358.91	
7362.83		25345.89	
7361.38		25342.55	
7350.8		25333.19	
7348.26		25330.43	
7352.5		25324.52	
7354.2		25321.17	
7361.54		25323.31	
7374.38		25315.29	
7378.14		25304.55	
7366.59		25294.57	
7363.75		25280.25	
7364.91		25276.749	
7363.41		25272.49	
7359.86		25270.929	
7348.93		25267.05	
7346.91		25264.56	
7339.16		25258.95	
7340.02		25255.52	
7334.49		25242.78	
7335.19		25240.18	
7331.349		25239.181	
7320.559		25234.29	
7317.18		25233.27	
7310.7		25230.44	
7307.669		25228.84	
7307.88		25216.13	
7293.26		25216.19	
7293.2		25212.3	
7292.8		25185.44	
7287.51		25175.2	
7286.601		25165.98	
7282.8		25165.2	
7272.45		25161.11	
7254.57		25168.25	
7239.459		25166.79	
7237.2		25169.941	
7233.46		25169.979	
7231.061		25155.84	
7222.3		25149.69	
7226.21		25143.31	
7238.13		25128.59	
7247.671		25124.02	
7250.51		25121.621	
7247.73		25114.68	
7249.7		25099.82	
7260		25095.729	
7248.03		25077.39	
7241.411		25074.02	
7242.63		25066.79	
7254.01		25064.88	
7259.97		25060.36	
7260		25041.31	
7259.38		25037.66	
7249.25		25040.411	
7246.55		25026.51	
7235.51		25025.77	
7235.28		25022.19	
7235.75		25011.45	
7235.94		25008.259	
7236.58		24998.69	
7236.58		24995.03	
7236.64		24991.3	
7237.33		24983.88	
7255.39		24956.13	
7251.91		24957.48	
7248.6		24956.3	
7241.631		24955.53	
7234.83		24947.48	
7236.22		24944.57	
7239.28		24932.56	
7243.92		24915.299	
7243.16		24911.541	
7237.72		24902.02	
7235.78		24887.419	
7236.291		24883.589	
7235.2		24860.44	
7224.98		24860.53	
7218.69		24858.3	
7218		24861.8	
7215.19		24868.37	
7199.241		24880.84	
7195.51		24881.121	
7180.87		24878.71	
7178.37		24881.61	
7161.07		24901.75	
7159.88		24904.76	
7153.67		24911.97	
7151.18		24909.29	
7143.42		24897.9	
7132.88		24894.92	
7129.49		24893.48	
7117.68		24884.841	
7107.04		24881.88	
7105.08		24879.3	
7106.94		24873.1	
7104.58		24867.161	
7102.819		24864.97	
7098.42		24862.86	
7099.49		24859.32	
7104.83		24854.28	
7105.53		24847.22	
7101.62		24841.049	
7088.04		24846.71	
7084.82		24848.46	
7081.34		24854.07	
7077.52		24854.03	
7066.28		24855.83	
7059.12		24853.54	
7056.39		24851.07	
7049.47		24848.88	
7047.759		24852.14	
7044.88		24850.27	
7033.59		24842.74	
7025.329		24843.2	
7021.42		24842.5	
7021.6		24839.29	
7022.28		24832.9	
7018.111		24829.04	
7014.64		24828.3	
7000.79		24827.08	
6996.95		24826.22	
6986.87		24820.76	
6982.72		24818.71	
6969.55		24816.17	
6967.65		24812.76	
6954.03		24806.12	
6952.13		24802.92	
6950.59		24791.91	
6947.56		24789.76	
6949.11		24786.56	
6960.57		24778.54	
6962.87		24773.78	
6957.69		24764.63	
6964.33		24756.02	
6967.66		24754.56	
6964.27		24753.321	
6960.59		24747.11	
6971.94		24722.69	
6975.44		24722.02	
6976.93		24718.71	
6969.17		24703.02	
6958.61		24701.12	
6961.11		24698.57	
6961.2		24691.54	
6966.91		24687.25	
6977.25		24685.52	
6981.25		24676.1	
6992.43		24685.08	
6994.79		24679.35	
6997.781		24678.519	
6997.32		24674.75	
6992.76		24668.7	
6999.511		24655.9	
7013.72		24650.25	
7024.46		24654.49	
7032.14		24653.57	
7030.79		24635.83	
7030.72		24632.2	
7027.649		24630.419	
7024.11		24630.26	
7020.689		24628.24	
7007.84		24619.01	
7004.33		24618.01	
6997.9		24614.56	
6993.93		24620.621	
6992.13		24623.3	
6983.48		24626.88	
6980.16		24625.18	
6962.37		24620.179	
6940.19		24622.66	
6937.78		24620.86	
6936.88		24618.36	
6936.96		24611.14	
6931.4		24606.55	
6930.39		24595.97	
6922.9		24588.249	
6924.07		24584.87	
6932.77		24583.091	
6937.8		24573.62	
6939.661		24570.49	
6947.07		24550.129	
6952.14		24544.89	
6951.85		24541.05	
6947.23		24534.9	
6929.17		24533.999	
6926.74		24530.941	
6924.36		24523.57	
6917.2		24520.75	
6915		24519.85	
6914.89		24516.04	
6913.53		24497.03	
6914.66		24493.669	
6935.19		24491.459	
6935.94		24494.67	
6960.86		24500.65	
6967.09		24496.67	
6970.87		24496.24	
6981.62		24472.72	
6975.3		24463.66	
6972.65		24461.01	
6969.19		24459.47	
6954.13		24458.88	
6952.74		24455.35	
6943.17		24434.75	
6941.19		24416.41	
6937.88		24415.39	
6927.82		24415.55	
6919.52		24409.62	
6921.48		24406.73	
6926.919		24394.65	
6921.18		24392.29	
6917.52		24391.209	
6907.41		24385.81	
6907.54		24381.96	
6906.29		24363.08	
6902.16		24357.32	
6888.02		24358.81	
6874.24		24355.38	
6868.729		24348.01	
6860.15		24331.78	
6856.16		24309.88	
6849.63		24307.12	
6846.42		24305.62	
6840.32		24304.05	
6842.77		24297.16	
6844.49		24293.92	
6843.721		24290.95	
6843.4		24287.899	
6839.71		24287.5	
6832.42		24286.22	
6826.56		24272.7	
6824.531		24275.561	
6814.3		24277.82	
6814.56		24281.02	
6819.14		24292.429	
6816.34		24295.1	
6805.07		24296.371	
6797.55		24304.67	
6786.929		24300.23	
6779.83		24303.15	
6781.36		24305.74	
6784.791		24313.75	
6780.961		24313.86	
6771.73		24308.1	
6768.28		24309.75	
6767.49		24324.7	
6758.05		24335.94	
6762.11		24350.54	
6755.82		24372.25	
6751.77		24361.92	
6728.82		24348.71	
6718.99		24360.71	
6716.08		24363.3	
6715.83		24367.26	
6715.26		24379.091	
6709.6		24393.88	
6706.859		24391.49	
6694.34		24384.12	
6683.9		24380.98	
6680.711		24382.73	
6676.72		24389.48	
6677.72		24391.64	
6678.93		24393.69	
6676.09		24396.26	
6673.36		24407.41	
6672.88		24411.09	
6666.18		24423.74	
6655.35		24424.38	
6654.3		24427.63	
6653.71		24437.34	
6650.55		24436.09	
6649.38		24439.56	
6639.1		24443.15	
6638.799		24446.4	
6631.4		24456.42	
6611.249		24463.67	
6604.89		24471.89	
6605.12		24478.91	
6614.66		24484.75	
6617.85		24499.11	
6624.77		24501.9	
6624.77		24505.52	
6617.52		24512.31	
6618.07		24519.02	
6616.82		24522.7	
6607.78		24535.31	
6601.02		24539.14	
6605.58		24560.61	
6601.931		24560.17	
6591.31		24562.81	
6586.04		24567.91	
6575.46		24568.729	
6573.6		24570.78	
6569		24568.28	
6543.02		24574.72	
6537.18		24579.851	
6535.36		24576.82	
6525.97		24562.34	
6526.35		24555.51	
6532.22		24547.1	
6533.27		24543.82	
6530.05		24545.18	
6510.1		24547.39	
6507.25		24545.451	
6494.26		24549.49	
6487.831		24547.34	
6484.36		24547.08	
6477.62		24539.27	
6476.42		24529.03	
6472.841		24528.46	
6466.51		24531.69	
6466.16		24534.991	
6464.06		24547.4	
6461.05		24549.25	
6451.97		24543.941	
6445.35		24546.261	
6444.299		24539.28	
6439.64		24535	
6436.63		24537.22	
6429.46		24535.24	
6412.57		24542.97	
6408.37		24533.71	
6404.77		24535.26	
6391.54		24527.14	
6379.89		24525.711	
6378.55		24529.17	
6371.64		24542.18	
6368.03		24541.31	
6354.32		24544.22	
6345.47		24556.1	
6342.2		24554.1	
6332.71		24547.79	
6329.96		24546.69	
6327.06		24546.09	
6330.19		24539.69	
6315.651		24540.039	
6318.86		24537.97	
6328.08		24531.4	
6310.29		24517.47	
6306.79		24515.81	
6291.42		24514.53	
6290.01		24517.76	
6283.52		24536.75	
6280.959		24531.38	
6268.05		24519.18	
6264.569		24518.82	
6258.48		24522.29	
6259.301		24525.69	
6261.01		24528.85	
6249.84		24542.46	
6248.41		24545.95	
6229.78		24558.54	
6222.26		24557.92	
6216.82		24567.53	
6215.67		24563.9	
6206.709		24552.02	
6203.36		24551.59	
6200.11		24552.52	
6199.25		24548.75	
6185.69		24535.46	
6182.8		24535.97	
6179.89		24536.36	
6178.1		24539.449	
6175.57		24549.64	
6162.93		24555.38	
6158.93		24577.55	
6150.31		24578.98	
6150.57		24582.55	
6147.12		24581.39	
6143.3		24575.71	
6142.16		24557.531	
6138.51		24558.96	
6112.091		24564.99	
6120.121		24576.08	
6118.85		24582.71	
6115.64		24584.08	
6102.61		24589.03	
6103.031		24592.47	
6100.31		24594.6	
6091.12		24598.62	
6089.3		24601.82	
6072.21		24595.62	
6073.07		24598.42	
6074.76		24604.03	
6075.48		24606.43	
6076.21		24608.83	
6053.97		24615.79	
6042.54		24613.26	
6026.77		24623.75	
6024.32		24621.44	
6015.709		24611.39	
6012.93		24613.99	
5989.24		24651.77	
5986.45		24652.66	
5981.08		24652.27	
5978.399		24652.61	
5974.23		24651.17	
5973.3		24647.5	
5965.23		24635.36	
5963.42		24624.5	
5959.74		24623.62	
5948.899		24620.47	
5945.7		24622.49	
5943.71		24619.54	
5930.69		24615.24	
5919.19		24615.281	
5912.28		24618.39	
5914.68		24621.211	
5925.22		24630.971	
5915.18		24646.01	
5911.68		24644.94	
5905.64		24641.23	
5891.16		24639.4	
5888.3		24640.069	
5883.3		24643.11	
