%coordonnées des projections cartographiques de l'habillage
hab=[
7297.11		25812.58	
7304.42		25792.05	
7301.49		25789.74	
7301.90		25782.20	
7297.48		25771.55	
7301.31		25761.09	
7300.16		25753.53	
7291.33		25745.90	
7283.73		25728.26	
7281.99		25724.75	
7295.91		25718.42	
7307.90		25725.50	
7330.91		25725.53	
7337.25		25704.19	
7333.30		25697.55	
7338.43		25692.20	
7339.13		25684.93	
7355.51		25664.92	
7357.99		25657.77	
7356.30		25650.47	
7337.10		25639.09	
7329.84		25630.59	
7319.44		25626.30	
7315.88		25627.56	
7310.82		25629.29	
7308.49		25627.97	
7291.19		25595.31	
7291.13		25591.53	
7299.87		25579.31	
7310.98		25571.23	
7306.83		25560.73	
7299.33		25552.80	
7295.99		25551.06	
7292.78		25549.60	
7270.35		25542.47	
7266.65		25543.23	
7255.65		25541.12	
7252.18		25551.40	
7248.59		25552.49	
7226.81		25557.41	
7217.08		25552.99	
7214.38		25553.95	
7210.12		25557.35	
7202.82		25557.12	
7198.54		25567.22	
7184.07		25566.43	
7180.68		25565.04	
7179.97		25576.15	
7190.22		25604.09	
7187.18		25614.88	
7185.84		25618.37	
7180.58		25621.53	
7157.68		25601.67	
7156.53		25604.62	
7152.72		25604.67	
7138.35		25600.58	
7136.19		25597.59	
7113.19		25581.62	
7113.19		25585.50	
7112.46		25597.01	
7106.35		25601.76	
7109.91		25603.09	
7109.12		25606.80	
7099.28		25612.45	
7084.42		25615.42	
7076.32		25623.37	
7072.88		25622.17	
7061.28		25613.32	
7057.79		25615.03	
7045.13		25623.33	
7033.95		25620.55	
7031.95		25623.96	
7028.85		25626.09	
7010.72		25628.58	
7008.44		25631.35	
6992.92		25640.03	
6988.49		25645.68	
6985.09		25642.52	
6981.67		25641.51	
6956.28		25629.32	
6953.31		25628.84	
6948.01		25621.72	
6947.72		25612.39	
6951.01		25611.00	
6948.04		25604.22	
6937.50		25608.85	
6928.20		25603.16	
6924.61		25601.70	
6922.06		25599.49	
6916.84		25595.20	
6914.44		25597.68	
6912.89		25600.76	
6912.11		25604.50	
6902.23		25615.98	
6891.42		25619.35	
6888.77		25621.71	
6883.11		25625.77	
6874.95		25626.68	
6871.25		25626.48	
6864.45		25624.37	
6856.16		25609.66	
6840.63		25605.66	
6839.88		25603.26	
6838.61		25600.10	
6827.95		25587.04	
6824.21		25587.71	
6783.18		25589.88	
6783.63		25592.88	
6781.04		25595.63	
6774.20		25594.95	
6761.95		25603.51	
6757.70		25599.61	
6753.90		25599.48	
6744.52		25605.31	
6729.39		25604.34	
6727.35		25601.13	
6728.45		25597.66	
6722.72		25593.74	
6718.17		25583.80	
6711.42		25581.99	
6698.19		25585.72	
6695.04		25584.69	
6691.88		25583.67	
6681.23		25580.85	
6672.50		25586.43	
6675.65		25587.81	
6670.36		25596.65	
6667.80		25597.35	
6665.20		25597.90	
6661.78		25598.72	
6659.74		25592.04	
6653.17		25594.48	
6651.78		25597.71	
6651.23		25598.01	
6644.01		25595.14	
6640.66		25597.10	
6622.30		25583.19	
6600.24		25576.40	
6599.13		25579.87	
6596.03		25586.37	
6592.87		25584.48	
6581.97		25583.75	
6583.01		25591.01	
6564.84		25589.94	
6563.32		25592.71	
6558.08		25599.96	
6557.09		25606.29	
6544.65		25613.41	
6540.61		25622.30	
6538.53		25619.12	
6529.39		25612.79	
6527.31		25615.51	
6517.72		25618.85	
6514.57		25620.54	
6497.65		25626.07	
6494.67		25625.26	
6493.74		25622.32	
6491.58		25625.31	
6484.42		25626.58	
6480.77		25622.72	
6477.81		25620.89	
6471.50		25617.97	
6467.86		25616.70	
6455.57		25607.76	
6453.38		25610.33	
6448.51		25617.48	
6445.55		25618.56	
6439.60		25620.63	
6435.79		25620.24	
6432.89		25617.73	
6431.97		25614.23	
6429.23		25611.87	
6426.27		25610.50	
6418.67		25615.53	
6416.51		25600.97	
6401.54		25601.99	
6391.92		25595.96	
6386.96		25591.24	
6389.01		25588.50	
6383.73		25584.62	
6373.09		25587.35	
6372.39		25590.11	
6370.67		25593.54	
6375.56		25598.60	
6382.75		25600.07	
6387.28		25610.44	
6378.81		25627.87	
6375.97		25628.65	
6373.05		25629.02	
6371.75		25632.67	
6372.00		25647.95	
6368.25		25648.03	
6359.42		25641.21	
6354.77		25631.33	
6352.22		25634.06	
6339.92		25627.56	
6337.54		25630.43	
6335.42		25627.35	
6329.37		25617.91	
6328.52		25616.56	
6318.78		25614.61	
6315.10		25608.40	
6298.22		25605.55	
6295.83		25608.43	
6291.11		25614.07	
6293.63		25616.45	
6306.39		25628.18	
6305.15		25631.32	
6304.29		25637.95	
6306.79		25640.69	
6313.96		25648.97	
6319.17		25662.24	
6317.89		25668.27	
6316.47		25671.50	
6316.70		25674.81	
6318.37		25684.57	
6316.24		25687.47	
6306.16		25683.79	
6295.89		25686.28	
6294.17		25689.29	
6281.77		25700.76	
6278.38		25701.30	
6265.44		25701.31	
6270.11		25683.24	
6262.93		25680.42	
6258.72		25674.70	
6271.44		25660.89	
6274.15		25658.14	
6271.79		25655.59	
6263.33		25650.68	
6261.38		25653.92	
6254.48		25662.94	
6247.87		25666.27	
6240.49		25664.66	
6238.42		25667.40	
6229.32		25672.02	
6227.44		25669.51	
6222.91		25665.46	
6220.63		25668.32	
6214.45		25671.67	
6212.19		25674.23	
6210.75		25677.33	
6210.80		25679.74	
6207.95		25682.02	
6197.18		25682.84	
6183.70		25678.84	
6182.13		25681.68	
6171.33		25686.35	
6169.41		25688.72	
6166.78		25694.22	
6166.98		25696.67	
6176.52		25707.33	
6179.10		25713.15	
6176.04		25713.90	
6172.52		25715.07	
6166.03		25711.55	
6163.37		25714.09	
6153.81		25717.91	
6150.26		25711.65	
6151.60		25697.98	
6149.56		25694.74	
6140.28		25688.21	
6127.76		25716.86	
6124.24		25716.77	
6110.68		25713.31	
6099.87		25712.40	
6095.16		25708.80	
6092.01		25706.66	
6084.89		25706.04	
6084.62		25703.11	
6081.28		25698.48	
6079.45		25693.31	
6078.53		25690.72	
6077.17		25687.12	
6066.76		25658.12	
6063.21		25657.54	
6058.05		25661.67	
6055.89		25671.99	
6052.31		25672.61	
6043.62		25678.50	
6041.82		25682.61	
6027.90		25681.56	
6031.00		25692.63	
6035.07		25715.17	
6039.53		25721.22	
6038.21		25732.74	
6044.63		25734.11	
6046.71		25740.35	
6047.78		25743.46	
6053.19		25741.69	
6055.84		25742.76	
6056.56		25749.24	
6056.05		25752.72	
6060.35		25754.43	
6070.47		25759.99	
6077.94		25759.58	
6081.79		25758.78	
6095.24		25768.69	
6098.27		25770.10	
6103.50		25772.99	
6106.48		25773.11	
6111.28		25775.74	
6113.85		25776.71	
6113.15		25779.45	
6113.39		25782.27	
6111.62		25785.55	
6108.99		25788.18	
6106.33		25791.44	
6102.87		25791.80	
6091.45		25798.59	
6088.00		25804.51	
6085.98		25807.15	
6082.59		25816.38	
6078.93		25815.41	
6071.72		25813.08	
6068.27		25813.64	
6057.82		25814.22	
6050.39		25820.89	
6047.23		25819.69	
6037.86		25810.26	
6034.56		25810.98	
6031.76		25809.97	
6030.27		25806.77	
6022.39		25791.59	
6018.03		25790.54	
6000.10		25821.64	
5998.80		25823.95	
5997.40		25826.20	
5994.54		25824.13	
5984.46		25821.01	
5985.52		25817.64	
5988.78		25819.24	
5996.27		25806.86	
5993.29		25797.25	
5991.91		25800.41	
5987.05		25803.99	
5975.11		25797.10	
5971.70		25797.94	
5967.24		25803.36	
5965.13		25806.46	
5952.00		25813.48	
5940.60		25799.05	
5930.81		25797.38	
5924.42		25794.55	
5921.97		25792.30	
5919.86		25802.06	
5912.26		25802.07	
5905.88		25798.28	
5902.33		25799.65	
5902.03		25796.57	
5893.62		25793.54	
5890.57		25793.93	
5887.01		25790.89	
5883.29		25791.57	
5866.42		25772.15	
5864.43		25775.32	
5860.66		25785.57	
5858.44		25788.29	
5846.57		25794.32	
5841.28		25786.07	
5838.23		25787.89	
5828.48		25790.30	
5820.64		25784.07	
5820.02		25787.65	
5819.19		25801.85	
5816.89		25804.59	
5808.42		25813.17	
5808.06		25819.73	
5805.11		25821.38	
5805.63		25828.20	
5815.17		25837.26	
5813.38		25839.97	
5805.61		25844.97	
5801.78		25844.71	
5794.38		25846.29	
5786.62		25854.44	
5784.13		25856.83	
5778.41		25860.59	
5768.13		25858.87	
5761.98		25861.59	
5760.12		25863.88	
5755.51		25867.55	
5738.13		25875.14	
5731.12		25884.13	
5728.14		25883.10	
5723.59		25879.39	
5720.95		25881.12	
5712.83		25894.15	
5731.22		25907.67	
5734.17		25914.83	
5734.47		25918.36	
5721.59		25929.86	
5717.97		25928.97	
5702.43		25908.90	
5687.73		25909.81	
5687.54		25912.69	
5683.77		25915.22	
5680.06		25915.12	
5671.00		25920.38	
5666.64		25933.48	
5654.56		25940.91	
5654.26		25942.97	
5650.42		25943.76	
5633.07		25951.33	
5630.69		25953.51	
5620.85		25961.79	
5617.81		25961.75	
5611.78		25961.69	
5608.13		25961.93	
5590.34		25964.24	
5585.46		25959.20	
5574.95		25956.45	
5567.55		25949.05	
5564.34		25946.73	
5548.81		25943.86	
5542.36		25939.28	
5540.75		25943.78	
